00601
00602
00603
00606
00610
00612
00616
00617
00622
00623
00624
00627
00631
00637
00638
00641
00646
00647
00650
00652
00653
00656
00659
00660
00662
00664
00667
00669
00670
00674
00676
00677
00678
00680
00682
00683
00685
00687
00688
00690
00692
00693
00694
00698
00703
00704
00705
00707
00714
00715
00716
00717
00718
00719
00720
00723
00725
00727
00728
00729
00730
00731
00735
00736
00738
00739
00740
00741
00745
00751
00754
00757
00765
00766
00767
00769
00771
00772
00773
00775
00777
00778
00780
00782
00783
00784
00786
00791
00794
00795
00801
00802
00820
00823
00824
00830
00831
00840
00841
00850
00851
00901
00906
00907
00909
00911
00912
00913
00915
00917
00918
00920
00921
00923
00924
00925
00926
00927
00934
00936
00949
00950
00951
00952
00953
00956
00957
00959
00960
00961
00962
00965
00966
00968
00969
00971
00976
00979
00982
00983
00985
00987
01001
01002
01003
01005
01007
01008
01009
01010
01011
01012
01013
01020
01022
01026
01027
01028
01029
01030
01031
01032
01033
01034
01035
01036
01037
01038
01039
01040
01050
01053
01054
01056
01057
01060
01062
01063
01066
01068
01069
01070
01071
01072
01073
01074
01075
01077
01079
01080
01081
01082
01083
01084
01085
01086
01088
01089
01092
01093
01094
01095
01096
01097
01098
01103
01104
01105
01106
01107
01108
01109
01118
01119
01128
01129
01151
01199
01201
01220
01222
01223
01224
01225
01226
01229
01230
01235
01236
01237
01238
01240
01242
01243
01244
01245
01247
01253
01254
01255
01256
01257
01258
01259
01260
01262
01264
01266
01267
01270
01301
01330
01331
01337
01338
01339
01340
01341
01342
01343
01344
01346
01347
01349
01350
01351
01354
01355
01360
01364
01366
01367
01368
01370
01373
01375
01376
01378
01379
01420
01430
01431
01432
01434
01436
01438
01440
01450
01451
01452
01453
01460
01462
01463
01464
01467
01468
01469
01473
01474
01475
01501
01503
01504
01505
01506
01507
01510
01515
01516
01518
01519
01520
01521
01522
01523
01524
01525
01527
01529
01531
01532
01534
01535
01536
01537
01540
01541
01542
01543
01545
01550
01560
01561
01562
01564
01566
01568
01569
01570
01571
01581
01583
01585
01588
01590
01602
01603
01604
01605
01606
01607
01608
01609
01610
01611
01612
01701
01702
01718
01719
01720
01721
01730
01731
01740
01741
01742
01745
01746
01747
01748
01749
01752
01754
01756
01757
01760
01770
01772
01773
01775
01776
01778
01801
01803
01810
01821
01824
01826
01827
01830
01832
01833
01834
01835
01840
01841
01843
01844
01845
01850
01851
01852
01854
01860
01862
01863
01864
01867
01876
01879
01880
01886
01887
01890
01901
01902
01904
01905
01906
01907
01908
01913
01915
01921
01922
01923
01929
01930
01937
01938
01940
01944
01945
01949
01950
01951
01952
01960
01966
01969
01970
01982
01983
01984
01985
02019
02021
02025
02026
02030
02032
02035
02038
02043
02045
02047
02048
02050
02052
02053
02054
02056
02061
02062
02066
02067
02071
02072
02081
02090
02093
02108
02109
02110
02111
02113
02114
02115
02116
02118
02119
02120
02121
02122
02124
02125
02126
02127
